* webpbn.org #1067: The Man With No Name.
* Copyright 2007 by Marie-Louise Ambrey"
10 10
24
25
26
27
29
29
8 20
7 19
4 1 19
3 1 2 16 6
2 2 1 1 3 9
8 1 2 1 1 3 3 3 13
14 2 4 2 2 15
20 16
24 17
52
49
37 8
33 6
29 3
14 1 1
12 3 2 1
17 2 3 1
9 4 6 5 1
8 4 4 8
7 2 3 1 1 1
3 3 4 1
3 3 2 2 1 1
3 3 1 3 1
4 2 1 2 2
5 2 2 1
8 2 1
4 4 5 1
3 3 8 1
3 3 3 5 1
3 3 2 2 2
1 5 5 1
7 7 1
6 2 7 1
1 8 5 2
2 8 5
4 9 2
5 9 2 2
7 9 1 3
1 6 11 3
3 5 11 4
7 5 16
8 4 1 13
9 4 1 8
10 2 1 1 3 2
12 3 1 4
13 4 8
14 3 11
16 4 15
&
2
4
5
6
7
7 4
9 6
9 7
9 9
9 10
9 9
9 10 1 8
22 3 8
6 24 5 6
7 14 7 7 5
10 16 7 9 4
9 1 17 1 1 8 4
8 1 17 2 3 6 3
9 12 6 6 4 3
10 1 11 13 3 2
8 1 1 10 13 1 1 2
7 10 14 2 1
8 1 2 10 1 11 1 1
11 1 7 4 1 10 1 1
10 10 9 1 2
10 1 8 1 1 8 1 1
11 2 5 4 1 2 1 7 2
12 1 5 2 2 1 2 7 1
13 5 2 2 2 2 7 1
11 1 5 4 2 2 5 1
11 1 5 6 3 2 6
12 1 5 17 1 5
11 2 6 1 12 2 4 1
11 1 5 3 3 4 2
13 5 2 2 3 5 3
11 1 4 2 1 3 5 3
11 2 5 3 3 4 4
11 1 4 3 1 1 4 5
13 5 4 3 5
11 4 1 3 5 4
9 5 1 7 3
6 18 3
9 2
9 2
8 1
9 1
9 1
9
9
8
7
7
6
4
2
