* webpbn.org #1609: to our tassiturn
* Copyright 2007 by Nancy Snyder"
27
30
31
33
35
18 17
18 18
12 14
10 10
10 10
9 10
10 10
9 9
9 10
9 10
8 10
9 9
9 10
8 11
8 10
7 7 11
7 10 7 11
7 2 22
8 2 9
8 2 8
8 8 3 6 4 3
8 2 3 3 3 5 2 9
4 3 4 3 1 4 6 2
5 1 2 6 2
4 1 2 2 5 2
5 3 2 5 4
5 3 3 5 4
5 2 2 5 4
6 3 2 5 4
4 1 4 2 2 5 4
5 5 2 3 9
6 6 4 5 9
13 2 2 6 9
14 2 7 2 10
10 2 2 1 10
11 1 2 10
10 15 10
10 4 3 11
11 2 1 11
11 2 1 2 11
12 10 12
12 6 13
13 13
13 14
14 15
15 16
16 18
14 2 2 19
14 1 2 21
14 4 3 19
13 8 20
13 21
14 3 26
15 31
16 29
&
34
37
41
44
14 1 4 25
16 1 2 24
19 2 23
53
21 1 31
17 27
17 5 1 17
17 5 15
15 4 13
13 1 1 6 3
12 2 1 2 2
10 1 2 2 1
9 2 1 2
8 2 2 2
8 2 3 2
7 2 3 2 1 1
7 2 1 1 2 2 2
7 2 3 2 4 2
7 2 2 3 2 2 1
7 1 1 1 1 1 1 1 1
7 1 1 2 2 2
7 2 1 2 1 3
5 1 1 2 1 3
7 1 1 3 1 2
7 6 2 1 2 1 3
7 9 3 1 2 1 3
7 4 8 1 1 1 3
7 4 5 1 2 2 3
8 2 3 2 1 1 3
8 2 2 3 3 2 4
8 2 2 5 1 5
8 2 3 2 8
8 2 3 9
9 2 3 9
10 2 1 1 10
11 2 2 11
14 1 1 12
13 2 3 14
19 15
19 1 18
18 9 22
53
52
51
50
12 2 25
12 30
42
38
30
0
