* webpbn.org #1679: Oink
* Copyright 2007 by Gitte Olesen"
0
4
8
2 7
3 7 1
2 7 1
5 1
8 1
8 1
7 1
8 2 1
9 4 2
7 2 6 2
8 3 8 2
10 3 8 3
16 7 3
9 1 2 5 3
9 7
9 6
8 6
6 5
6 6
1 3 2 7
4 2 3 8
6 3 2 6 3
7 2 2 7 2 1
7 3 4 8 3
7 12 9 2
5 15 12 1
3 30 2
5 35
8 36
50
9 3 34
12 34
6 2 36
6 2 37
8 38
8 37
9 36
8 32
9 30
3 4 6 4 15
6 3 3 9
4 2 2 3 3 6
3 2 2 3 3 3
2 2 2 3 4 3
1 2 2 2 4 2
2 2 2 1 3 1
3 2
&
3
5 3 6
20 2
20 5
20 3 1
6 12 2
4 14
13
4 9
3 1 7
3 1 4
1 3 2
1 2 1
3
2
2 2
2 8
2 3 7
9 3
13
4 14
6 14
7 14
9 18
10 22
2 16 19
3 15 19
3 15 20 3
1 35 3
4 5 2 6 16 3
13 2 3 17
15 16
8 3 16 1
8 2 16 2
6 2 16 3
3 2 15 2
15 3
2 3 18
4 22
6 26
34
35
34 2
33 2
3 3 3 21
3 3 15 4
3 3 14 2
3 3 13
3 15
11 16
2 11
3 7
3 5
4
3
