* webpbn.org #7580: Dog Eat Dog
* Copyright 2010 by Chrissy Ann Silver"
5 3 4 3 3
6 5 6 7
2 2 2 2 2 3 7
2 1 2 2 1 2 2 5
2 2 2 2 3 2 2 3
2 2 2 2 3 2 2 5 3
2 1 2 2 1 2 3 5 3
2 2 2 1 3 2 3
6 5 6 5
5 3 4 7
7
3 3
0
0
0
7 6 10
7 2 2 10
2 1 2 1 2
2 2 4 2 2
6 2 2 2
6 10 2
2 10 2
2 2 2 2
7 2 2 2
7 2 2 2
0
0
3 3
7
7
5 5 3 4
3 6 5 6
3 2 2 2 2 2 3
3 2 1 2 2 1 2 2
3 2 2 2 2 3 2 2
5 2 2 2 2 3 2 2 5
7 2 1 2 2 1 2 3 5
7 2 2 2 2 3 2
3 3 6 5 6
5 3 4
&
10 3 3
10 4 4
2 2 12
2 4 2 10
2 2 2 12
2 2 10 4 4
2 2 10 3 3
4 2 2 2
2 2 2 2
2 2 2
4 2 2 2 10
6 2 2 10
2 2 2 2
2 2 2 2 4 2
2 4 2 7 2 2 2
2 2 2 9 2 2
2 1 2 2 2 2
6 1 1 2 4
4 1 2 2 2
1 2 2
4 1 1 2 4
6 2 2 6
2 3 9 2 2
2 3 7 2 2 2
2 2 2 4 2
2 2 2 2 2 2 2
3 2 2 2 2 2
2 4 2 6
1 3 2 4
2 10
10 4
2 6
2 2 3
3 3 2 2 3
4 4 2 2 2
12 2 2 2
10 3 2 2
12 2 4
4 4 1 3
3 3 2
