* webpbn.org #17: You Shall Not Pass!
* Copyright 2004 by Jan Wolter"
4 3
7 6
9 8
11 10
13 12
13 12
13 12
14 8 13
14 2 2 13
15 1 8 1 14
16 12 15
15 14 14
15 2 8 2 14
14 2 2 2 2 2 13
14 2 10 2 13
12 2 4 4 2 11
11 2 2 10 2 2 10
10 3 2 2 1 1 2 2 3 9
10 3 2 2 1 1 2 2 3 9
9 4 2 2 2 2 4 8
8 6 1 1 6 1 1 6 7
8 6 1 2 4 2 1 6 7
8 6 2 8 2 6 7
8 4 2 2 6 2 2 4 7
8 3 4 4 4 3 7
8 3 20 3 7
8 2 22 2 7
8 2 6 14 2 7
8 3 3 2 13 2 7
9 4 2 14 2 7
9 8 2 11 2 7
10 7 1 1 5 2 2 8
8 1 4 1 5 2 3 8
8 4 5 6 5 9
7 2 4 2 4 1 7
7 10 1 2 1 7
6 11 4 2 7
6 12 1 6
5 16 5
5 15 5
5 15 5
4 15 4
4 8 7 4
3 8 7 3
4 7 7 4
3 7 7 3
3 8 7 3
2 7 6 2
2 7 6 2
1 6 6 1
&
32
35
38
41
43
46
48
33 6
20 3
19 9 1
17 12 1
16 9 4 1
11 8 2 3 1
8 7 4 3 1
4 9 2 1 3
1 7 6 3 1 8
1 12 5 3 16
1 3 2 3 5 15
1 2 6 2 1 2 2 2 15
1 11 2 2 1 2 1 15
1 4 3 2 2 3 2 1 15
1 4 5 10 3 12
1 6 1 10 10
1 6 1 22
1 4 5 30
1 4 3 2 2 25
1 11 2 9 14
1 2 6 2 1 9 1 13
1 3 2 6 2 1 12
1 12 7 1 1 1 12
1 7 8 2 1 9
4 12 4 1
8 7 8 3 1
11 8 5 3 1
16 9 4 1
17 14 1
19 11 2
19 3
36 6
48
45
43
40
38
34
