* webpbn.org #38: Star Sweeper
* Copyright 2004 by Jan Wolter"
4
6
7
6
5
13
15
5 3
4 3 1 1
5 3 2
5 7 1
6 6 3
5 5 1
6 1 1 2
6 1 2
6 2 1
6 4 3
5 10
6 11
5 12
5 4 7
4 5 7
1 3 5 2
3 3 5 2 1
7 3 4 2 3
14 3 4 4
13 4 6
13 4 4
14 1 2
14 1 1
14 2
14
8 2
1 5 4
4 2 2 5
9 4
6 3 3
3 3 3
3 2 2
1
&
4 1 1 1
8 2 3 1
10 4 6
12 5 5
12 6 3
14 7 2
4 4 7 3
2 2 9 4
1 1 10 4
15
12
1 1 11 3
1 1 2 13 4
2 3 3 4 9 5
3 3 4 7 6 2
2 8 11 4 2
3 8 13 3 2
8 10 5 5
6 8 2 1 3
5 1 9 1 1
5 1 13 1 1
4 1 1 2 14
2 2 3 12
3 2 5 2
3 9
3 5
1 1
2
1
2
