* webpbn.org #58: Friend of Kong
* Copyright 2004 by Jan Wolter"
5 6 4 4 5
4 19 6
3 19 6
3 25
3 22
3 9
3 8
3 8
3 8
2 8
1 8
1 8
1 7
1 7
1 6
1 5
1 3 2 4
1 3 2 2
1 8 4 2
6 13 1
2 2 11 1
2 4 6 4 1
2 4 1 1 2 1
8 2 1
7 1
2 2 2
2 2
2 2
2 3
2 3
2 3
2 4
3 4
3 8 3
3 4 3
4 2
4 2
5 2
5 9 2
6 10 2
6 8 2
6 6 3
7 4 3
8 4
9 5
9 7
10 9
11 10
12 12
33
&
50
10 31
9 1 2 18
2 1 4 15
1 1 5 13
6 11
5 8
3 1 1 7
4 6
4 1 1 4
4 2 3 3
5 2 4 2
5 2 5 1
4 2 5 1
5 1 5 1
5 2 1 5 1
5 5 1 4 1
5 6 3 1
4 6 2 1
4 1 4 1
5 1 5 1
5 4 1 2
5 3 1 2
5 4 3
5 1 4 4
11 1 4 4
11 5 5
14 3 5
16 1 6
17 2 7
17 7 9
19 25
50
