* webpbn.org #900: Giddy up!
* Copyright 2007 by Marie-Louise Ambrey"
6 36 6
2 2 1 1 2 2
1 1 1 2 6 1 2 6 2 1 1 1
1 1 2 4 2 3 4 2 1 1
1 1 1 2 2 2 4 2 2 1 1 1
2 2 2 5 2 2
7 9 7
1 3 3 8 5 3 3 1
1 2 8 8 2 1
1 3 9 3 1 3 3 1
1 3 1 7 4 1 1 2 3 1
1 2 1 6 4 1 3 2 1
1 2 3 4 4 1 1 1 2 2 1
1 1 6 3 4 1 1 1 3 1 1
1 1 7 10 1 5 1 1
1 4 3 1 5 1 1 3 1
1 4 1 3 1 1 4 1 2 1 1 2 1
1 5 1 4 3 4 1 1 1 1 3 1
6 3 3 1 6 1 1 1 1 4
1 8 3 1 7 1 1 2 2 1 3
14 13 1 2 1 1 1 1
1 11 4 9 1 1 1 1 1
3 9 5 9 1 1 1 1 1
5 7 6 10 1 1 1 1 1 1
7 5 7 10 1 1 1 1 1
9 3 8 12 1 1 1 1
10 1 9 13 1 1 1 1
2 4 1 10 15 1 1 1
3 3 1 1 11 15 1 1
3 3 3 1 9 17 1
1 4 1 2 7 2 15 1 1 1
9 4 5 2 17 1 1
25 18 1
7 5 20
6 5 19
4 4 2 19
3 4 2 18
7 2 18
4 2 18
2 17
1 1 1 2 16
3 3 3 2 14
3 3 3 2 12 1
15 3 9 3
3 3 3 4 7 5
15 3 5 7
3 3 3 4 2 9
3 3 3 9 11
3 3 3 7 13
27 15
&
6 11 1 6 9
2 2 3 6 10
1 1 1 2 6 5 7 9
1 1 2 4 3 1 7 1 1 1
1 1 1 2 2 4 6 2 1 1 1
2 2 13 3 1 1 1
7 13 4 9
1 3 3 1 11 5 10
1 2 2 5 7 9
1 3 4 3 1 4 1 1 1
1 3 6 2 3 3 1 1 1
1 2 9 1 1 4 1 1 1
1 2 12 1 3 2 9
1 1 14 5 2 10
1 1 16 3 2 9
1 2 3 7 1 2 2 1
1 7 2 1 1 5 3 1 2 1
11 3 2 4 5 1 2 1
1 6 3 1 3 8 2 1
12 3 3 9 2 1
1 11 5 10 2 1
1 11 3 11 2 1
1 11 3 12 2 1
1 11 12 1 2 1
1 1 1 1 10 1 2 1
1 1 1 3 9 1 1 1
1 8 1 1 2 2 1
1 9 12 2
1 23 2
1 2 22 2
1 1 20 2
1 3 24 2
1 1 21 2
1 6 27 2
1 1 26 2
1 1 2 29 1
1 1 7 24 1
1 2 1 5 21 2
1 2 2 23 2
1 3 9 19 3
1 3 2 5 18 3
1 2 2 18 4
1 3 3 6 15 4
7 2 7 15 5
2 2 2 12 5
1 1 1 2 2 12 12 6
1 1 2 4 2 10 6
1 1 1 2 6 11 11 7
2 2 2 8 7
6 11 21 8
